1.000000000 0.000000000 0.000000000 0.000000000 0.000000000 1.000000000 0.000000000 0.000000000 0.000000000 0.000000000 1.000000000 0.000000000
0.999995589 0.002964992 0.000148275 -0.006137762 -0.002965195 0.999994636 0.001391421 -0.012944708 -0.000144149 -0.001391854 0.999999046 0.772047997
0.999984920 0.005451045 0.000616876 -0.012549207 -0.005452246 0.999983191 0.001964503 -0.030261040 -0.000606157 -0.001967837 0.999997854 1.539309263
0.999976993 0.006669585 0.001190556 -0.021423131 -0.006671776 0.999976039 0.001844976 -0.048504308 -0.001178223 -0.001852877 0.999997556 2.274636745
0.999961674 0.008688143 0.001102769 -0.024765942 -0.008689848 0.999960959 0.001550328 -0.061618626 -0.001089256 -0.001559851 0.999998271 3.002196312
0.999958813 0.008889572 0.001819715 -0.035344448 -0.008891875 0.999959588 0.001261997 -0.075302623 -0.001808423 -0.001278125 0.999997497 3.718080521
0.999957383 0.009046737 0.001825443 -0.029699743 -0.009050429 0.999956965 0.002024158 -0.086819507 -0.001807052 -0.002040593 0.999996245 4.415871143
0.999945700 0.009988592 0.002967897 -0.046330515 -0.010003607 0.999936998 0.005087743 -0.103531674 -0.002916891 -0.005117157 0.999982655 5.088670731
0.999941647 0.009865236 0.004408822 -0.042241611 -0.009904151 0.999911427 0.008893861 -0.108182088 -0.004320691 -0.008937006 0.999950707 5.755533218
0.999942720 0.009127707 0.005584843 -0.036717463 -0.009196559 0.999880552 0.012429554 -0.118793108 -0.005470722 -0.012480204 0.999907076 6.387565613
0.999940515 0.008480590 0.006861837 -0.041407317 -0.008580567 0.999855518 0.014674588 -0.127374768 -0.006736396 -0.014732594 0.999868691 6.988883018
0.999928892 0.009168595 0.007615021 -0.024992976 -0.009278927 0.999850631 0.014581907 -0.136644572 -0.007480187 -0.014651530 0.999864638 7.577819824
0.999914944 0.009809775 0.008592471 -0.022707060 -0.009912666 0.999878645 0.012014728 -0.145717263 -0.008473567 -0.012098880 0.999890924 8.129067421
0.999907434 0.009755352 0.009477630 -0.020777166 -0.009839876 0.999911785 0.008912764 -0.147219688 -0.009389847 -0.009005197 0.999915421 8.664388657
0.999906480 0.008216085 0.010928359 -0.008693710 -0.008298765 0.999937177 0.007541970 -0.156670421 -0.010865706 -0.007631958 0.999911845 9.167299271
0.999906361 0.004191367 0.013022616 -0.003438190 -0.004258748 0.999977708 0.005150775 -0.161348283 -0.013000736 -0.005205754 0.999901891 9.627746582
0.999885619 0.002600092 0.014898764 0.006370872 -0.002662270 0.999987841 0.004155051 -0.168201476 -0.014887781 -0.004194241 0.999880373 10.066953659
0.999833584 0.006896425 0.016884122 0.011102483 -0.006932470 0.999973834 0.002077183 -0.177846670 -0.016869355 -0.002193887 0.999855340 10.483076096
0.999734998 0.011378210 0.020006638 0.009742066 -0.011409528 0.999933898 0.001451819 -0.186548591 -0.019988798 -0.001679701 0.999798775 10.869550705
0.999668539 0.011541286 0.023011100 0.022050589 -0.011603029 0.999929488 0.002551374 -0.196104348 -0.022980031 -0.002817528 0.999732018 11.213821411
0.999631763 0.007140141 0.026176780 0.039394915 -0.007224674 0.999968946 0.003136083 -0.202608824 -0.026153577 -0.003324046 0.999652386 11.541007042
0.999576449 0.003150750 0.028930705 0.050209343 -0.003231826 0.999990940 0.002756100 -0.203908682 -0.028921759 -0.002848432 0.999577641 11.815557480
0.999509513 -0.000143518 0.031314760 0.065881371 0.000012963 0.999991357 0.004169279 -0.209283486 -0.031315085 -0.004166828 0.999500930 12.073657990
0.999428391 -0.000606138 0.033798952 0.074975967 0.000430836 0.999986410 0.005193659 -0.215538651 -0.033801641 -0.005176129 0.999415159 12.304288864
0.999350846 -0.000062518 0.036027431 0.079472125 -0.000089462 0.999991059 0.004216817 -0.219993129 -0.036027376 -0.004217302 0.999341965 12.509671211
0.999289215 0.000692426 0.037688117 0.098671854 -0.000810169 0.999994814 0.003108948 -0.228988767 -0.037685767 -0.003137272 0.999284744 12.706099510
0.999163628 0.002984955 0.040780745 0.096685708 -0.003078500 0.999992788 0.002231229 -0.233975470 -0.040773783 -0.002354906 0.999165654 12.864578247
0.999081552 0.005958736 0.042434007 0.098380893 -0.006033122 0.999980509 0.001625145 -0.240570188 -0.042423498 -0.001879662 0.999097943 13.031549454
0.999020159 0.007399320 0.043632813 0.105950475 -0.007413479 0.999972463 0.000162727 -0.247045383 -0.043630410 -0.000486038 0.999047637 13.188380241
0.998928607 0.006515873 0.045816433 0.112085521 -0.006453102 0.999978006 -0.001517837 -0.254322857 -0.045825318 0.001220553 0.998948693 13.338257790
0.998870015 0.005298396 0.047229607 0.122010708 -0.005166284 0.999982357 -0.002918852 -0.256878972 -0.047244232 0.002671552 0.998879910 13.476983070
0.998815000 0.004347492 0.048474018 0.130743742 -0.004165892 0.999983907 -0.003846722 -0.259946138 -0.048489958 0.003640226 0.998817027 13.614439964
0.998739123 0.005317093 0.049919400 0.138565123 -0.005053695 0.999972641 -0.005401227 -0.262155682 -0.049946744 0.005142139 0.998738587 13.748579025
0.998666286 0.005916272 0.051289562 0.141757190 -0.005559150 0.999959290 -0.007102716 -0.268617392 -0.051329494 0.006808117 0.998658538 13.869841576
0.998623013 0.006030336 0.052112572 0.150501430 -0.005532365 0.999937773 -0.009694643 -0.268147767 -0.052167784 0.009392988 0.998594165 13.995604515
0.998588383 0.005360076 0.052843682 0.158348680 -0.004743176 0.999919236 -0.011792573 -0.273206681 -0.052902617 0.011525279 0.998533189 14.122594833
0.998617411 0.004515535 0.052372154 0.164906800 -0.003811417 0.999901116 -0.013536613 -0.279218733 -0.052428100 0.013318284 0.998535872 14.249605179
0.998726904 0.003899952 0.050291996 0.170720756 -0.003156760 0.999884784 -0.014848515 -0.283105433 -0.050344102 0.014670853 0.998624146 14.373764992
0.998875260 0.004274929 0.047222480 0.176191986 -0.003536326 0.999870300 -0.015713383 -0.286838412 -0.047283530 0.015528715 0.998760819 14.501076698
0.999049187 0.004616828 0.043352205 0.172272921 -0.003877240 0.999845803 -0.017128592 -0.285728872 -0.043424599 0.016944217 0.998912990 14.625748634
0.999270141 0.004606754 0.037922919 0.166240215 -0.003916143 0.999825537 -0.018265085 -0.288975060 -0.038000453 0.018103242 0.999113679 14.752816200
0.999515772 0.004500656 0.030789424 0.170434713 -0.003926617 0.999817848 -0.018679146 -0.294653773 -0.030867882 0.018549204 0.999351263 14.869439125
0.999710619 0.005030589 0.023522649 0.166625187 -0.004567057 0.999795139 -0.019718125 -0.293573678 -0.023617022 0.019604990 0.999528766 14.995621681
0.999875009 0.004203919 0.015240825 0.162913799 -0.003893675 0.999785841 -0.020328902 -0.300398499 -0.015323021 0.020267019 0.999677181 15.128987312
0.999979734 0.003306161 0.005438758 0.149080500 -0.003187873 0.999761283 -0.021615772 -0.301877171 -0.005508924 0.021597996 0.999751568 15.258168221
0.999967754 0.001944304 -0.007787900 0.144839287 -0.002124997 0.999727249 -0.023261195 -0.303419560 0.007740548 0.023277000 0.999698997 15.409742355
0.999717474 0.001102181 -0.023742523 0.121165484 -0.001703591 0.999677896 -0.025325233 -0.306042552 0.023706961 0.025358526 0.999397278 15.558685303
0.999069691 0.001470964 -0.043099813 0.095670879 -0.002604821 0.999651730 -0.026263380 -0.309077561 0.043046169 0.026351213 0.998725533 15.741328239
0.997903943 0.002894118 -0.064647242 0.054879427 -0.004574197 0.999655247 -0.025855541 -0.314366013 0.064550124 0.026097056 0.997573197 15.914504051
0.996085346 0.003222913 -0.088338017 0.019084096 -0.005401427 0.999686956 -0.024433184 -0.321132421 0.088231608 0.024814691 0.995790780 16.122138977
0.993356347 0.004006319 -0.115008853 -0.025371671 -0.006675926 0.999716938 -0.022836398 -0.329646468 0.114884801 0.023452472 0.993101954 16.324172974
0.989449918 0.005079780 -0.144786552 -0.095621109 -0.008116053 0.999759197 -0.020387741 -0.339854091 0.144648120 0.021347741 0.989252925 16.547414780
0.983989000 0.005290105 -0.178150430 -0.168520451 -0.008469562 0.999818087 -0.017091256 -0.342112333 0.178027615 0.018326461 0.983854890 16.802944183
0.976602018 0.006284070 -0.214962512 -0.252737999 -0.009320182 0.999870598 -0.013113232 -0.348722994 0.214852303 0.014809898 0.976534307 17.044696808
0.966972053 0.007765347 -0.254764140 -0.357738018 -0.010088265 0.999918461 -0.007812541 -0.352158308 0.254682720 0.010124634 0.966971636 17.312129974
0.955186188 0.011423093 -0.295785069 -0.488724709 -0.012868899 0.999912858 -0.002941655 -0.354143798 0.295725673 0.006616256 0.955250084 17.580884933
0.941093922 0.014966570 -0.337813735 -0.629528522 -0.015449109 0.999879837 0.001260189 -0.355965972 0.337791950 0.004032964 0.941212177 17.851770401
0.924339116 0.017385945 -0.381175876 -0.776494026 -0.015811911 0.999848545 0.007261070 -0.362008423 0.381244361 -0.000684574 0.924474061 18.125911713
0.904994667 0.020794958 -0.424914390 -0.938436508 -0.015937515 0.999760687 0.014983291 -0.365492940 0.425124317 -0.006787720 0.905109584 18.403419495
0.883241534 0.025010789 -0.468250811 -1.109632969 -0.016950252 0.999626875 0.021420762 -0.364551038 0.468611836 -0.010982737 0.883335888 18.658960342
0.858519435 0.030592933 -0.511867583 -1.331719398 -0.019983336 0.999456406 0.026218155 -0.366798818 0.512391448 -0.012279973 0.858664215 18.948152542
0.830456972 0.033852872 -0.556053162 -1.557822227 -0.020891970 0.999342263 0.029638756 -0.363878399 0.556690753 -0.012996667 0.830618203 19.223033905
0.799572885 0.037752908 -0.599381268 -1.805397034 -0.023498058 0.999224544 0.031591281 -0.361924291 0.600109220 -0.011175235 0.799840033 19.484266281
0.765235066 0.040730700 -0.642461181 -2.074838638 -0.023944527 0.999106586 0.034820974 -0.355256438 0.643305600 -0.011262793 0.765526712 19.764041901
0.728437901 0.044759523 -0.683648229 -2.393122673 -0.025307130 0.998940468 0.038437061 -0.337611377 0.684644282 -0.010697832 0.728798866 20.046810150
0.690116107 0.044379119 -0.722336650 -2.723083496 -0.021946644 0.998942256 0.040405616 -0.311546683 0.723365843 -0.012031703 0.690360129 20.299842834
0.648964107 0.044271834 -0.759529829 -3.072558403 -0.019414485 0.998944044 0.041638643 -0.297779322 0.760571182 -0.012276107 0.649138451 20.560049057
0.606924832 0.043234404 -0.793582320 -3.457450867 -0.013765868 0.998941302 0.043894358 -0.287328243 0.794639945 -0.015716230 0.606877565 20.802623749
0.561488330 0.043009091 -0.826366067 -3.864543915 -0.009080420 0.998908460 0.045819387 -0.268048942 0.827434897 -0.018223306 0.561266005 21.058137894
0.515038967 0.044631813 -0.856004000 -4.286544800 -0.006911984 0.998827279 0.047919795 -0.248744369 0.857138932 -0.018763870 0.514743447 21.269475937
0.465093046 0.044093248 -0.884163082 -4.743430614 -0.005700960 0.998887300 0.046815693 -0.225274801 0.885243535 -0.016733073 0.464826912 21.466972351
0.412961662 0.043320768 -0.909717500 -5.228552341 0.000199770 0.998863757 0.047656592 -0.209928393 0.910748482 -0.019862080 0.412483692 21.654033661
0.358794659 0.042327460 -0.932456374 -5.737580776 0.005174578 0.998865783 0.047333114 -0.186611414 0.933402240 -0.021807933 0.358168572 21.829099655
0.305281043 0.041145336 -0.951372921 -6.245514870 0.007179248 0.998938262 0.045506176 -0.160036385 0.952235341 -0.020722311 0.304661512 21.956752777
0.251776904 0.046748526 -0.966655552 -6.807941437 0.008154674 0.998694718 0.050421953 -0.129157364 0.967750967 -0.020577848 0.251066983 22.068321228
0.200269014 0.052166957 -0.978351116 -7.399739265 0.010755248 0.998404264 0.055437818 -0.103871882 0.979681969 -0.021624889 0.199388355 22.157791138
0.152379185 0.053359520 -0.986880600 -7.983223915 0.016696285 0.998259962 0.056552775 -0.080039024 0.988181055 -0.025094710 0.151223168 22.222366333
0.107791141 0.054867487 -0.992658377 -8.600044250 0.019026091 0.998179197 0.057238661 -0.057553291 0.993991554 -0.025056226 0.106550947 22.265859604
0.067915343 0.053070836 -0.996278584 -9.233090401 0.018887101 0.998336852 0.054468002 -0.029076755 0.997512341 -0.022516023 0.066800043 22.273529053
0.032047611 0.048643135 -0.998301923 -9.867986679 0.016638240 0.998650610 0.049194243 0.005101085 0.999347866 -0.018186547 0.031195035 22.272634506
0.003739031 0.048499085 -0.998816133 -10.543725014 0.013977401 0.998723030 0.048546892 0.042052597 0.999895275 -0.014142374 0.003056366 22.247423172
-0.017093174 0.052887529 -0.998454213 -11.247612000 0.013439449 0.998522043 0.052661054 0.070069015 0.999763489 -0.012518529 -0.017778683 22.216104507
-0.030312682 0.058799051 -0.997809529 -11.963877678 0.014856058 0.998184502 0.058369834 0.102398038 0.999430060 -0.013054172 -0.031131167 22.195150375
-0.038299102 0.061344173 -0.997381628 -12.705686569 0.014395733 0.998044193 0.060832139 0.137177825 0.999162614 -0.012028225 -0.039107293 22.157678604
-0.041974325 0.058521099 -0.997403264 -13.468477249 0.015393551 0.998202622 0.057920169 0.171528339 0.999000072 -0.012922419 -0.042799734 22.116573334
-0.040961597 0.054634899 -0.997665823 -14.248213768 0.022791831 0.998295128 0.053733587 0.209545791 0.998900771 -0.020537619 -0.042137001 22.089124680
-0.037015717 0.053112093 -0.997902274 -15.061523438 0.034963295 0.998044074 0.051822737 0.254499674 0.998702884 -0.032971695 -0.038800284 22.079814911
-0.031407326 0.053125132 -0.998093784 -15.885613441 0.035285063 0.998022854 0.052011035 0.294866920 0.998883724 -0.033584278 -0.033219747 22.055797577
-0.026254855 0.052026592 -0.998300433 -16.748128891 0.033416931 0.998132288 0.051138975 0.323975205 0.999096572 -0.032017499 -0.027944388 22.026292801
-0.023407370 0.045472153 -0.998691320 -17.606523514 0.037199773 0.998312771 0.044583037 0.362007380 0.999033630 -0.036107522 -0.025059434 22.018033981
-0.021022592 0.034645651 -0.999178529 -18.503349304 0.034832269 0.998817980 0.033900280 0.401459277 0.999172032 -0.034090996 -0.022204535 21.993696213
-0.020347023 0.026474826 -0.999442399 -19.398794174 0.027123036 0.999295950 0.025918763 0.424348474 0.999425054 -0.026580548 -0.021050777 21.956460953
-0.021523874 0.023350753 -0.999495566 -20.315147400 0.021546707 0.999505818 0.022886986 0.451999784 0.999536097 -0.021043230 -0.022016369 21.921499252
-0.024837149 0.029525565 -0.999255359 -21.257408142 0.011902025 0.999501586 0.029237011 0.473521560 0.999620676 -0.011167002 -0.025176186 21.872612000
-0.030298650 0.037994664 -0.998818636 -22.243455887 0.007408789 0.999258339 0.037786659 0.490952462 0.999513447 -0.006255151 -0.030557673 21.839591980
-0.034832604 0.047422051 -0.998267412 -23.238588333 0.005824700 0.998866200 0.047247253 0.529085875 0.999376178 -0.004168863 -0.035069335 21.794395447
-0.036016434 0.057303920 -0.997706950 -24.255783081 0.004345546 0.998354137 0.057184231 0.572815716 0.999341786 -0.002276009 -0.036206175 21.740049362
-0.036853671 0.065551281 -0.997168362 -25.267574310 0.006657093 0.997840345 0.065349415 0.609920681 0.999298513 -0.004229877 -0.037210453 21.704998016
-0.038993072 0.066209130 -0.997043550 -26.304924011 0.008050422 0.997790813 0.065943919 0.665377855 0.999207079 -0.005455266 -0.039439943 21.674465179
-0.041123964 0.062977955 -0.997167230 -27.325849533 0.007017495 0.998005092 0.062741473 0.725467801 0.999129415 -0.004417438 -0.041483872 21.631454468
-0.043659624 0.058657277 -0.997322917 -28.348915100 0.006613776 0.998270035 0.058423430 0.765579283 0.999024570 -0.004045325 -0.043972038 21.579633713
-0.048369363 0.053518172 -0.997394741 -29.374820709 0.006759075 0.998558104 0.053252820 0.809891820 0.998806655 -0.004165660 -0.048661355 21.524854660
-0.053998630 0.048585769 -0.997358322 -30.402462006 0.006534289 0.998811305 0.048302781 0.853787899 0.998519599 -0.003908744 -0.054251920 21.463245392
-0.060555998 0.046818592 -0.997066200 -31.428693771 0.005683874 0.998899341 0.046559464 0.893994570 0.998148620 -0.002847744 -0.060755454 21.384082794
-0.067551255 0.049291279 -0.996497452 -32.515956879 0.006493690 0.998779416 0.048963957 0.935049474 0.997694671 -0.003163368 -0.067788869 21.315938950
-0.073667862 0.054192193 -0.995809376 -33.583827972 0.005272014 0.998529732 0.053950220 0.976491332 0.997268915 -0.001275523 -0.073845237 21.226463318
-0.079881638 0.057390239 -0.995150864 -34.651596069 0.002638939 0.998349845 0.057362899 1.018275857 0.996800840 0.001956101 -0.079901278 21.132917404
-0.084525488 0.059290767 -0.994655728 -35.723381042 -0.000846637 0.998223424 0.059575383 1.070122719 0.996420920 0.005877750 -0.084325135 21.031322479
-0.087007962 0.060933232 -0.994342387 -36.799861908 -0.005070025 0.998087645 0.061606385 1.115439534 0.996194720 0.010401586 -0.086532630 20.921264648
-0.088992745 0.061800368 -0.994113147 -37.865749359 -0.009196673 0.997979701 0.062864028 1.175318956 0.995989799 0.014736979 -0.088244617 20.822809219
-0.090231583 0.061232392 -0.994036615 -38.943435669 -0.010167741 0.997999430 0.062399454 1.230265141 0.995868862 0.015737513 -0.089428477 20.710241318
-0.091292284 0.060550407 -0.993981540 -40.023841858 -0.011560873 0.998017907 0.061858099 1.275902390 0.995757043 0.017138463 -0.090411328 20.592958450
-0.092800528 0.059740514 -0.993890882 -41.103649139 -0.011980549 0.998059154 0.061109692 1.329474449 0.995612621 0.017578371 -0.091904692 20.498933792
-0.093769632 0.058840901 -0.993853569 -42.192050934 -0.014441538 0.998066604 0.060452871 1.384025335 0.995489120 0.020021416 -0.092738599 20.385202408
-0.094467290 0.056387015 -0.993929803 -43.276443481 -0.018756595 0.998116612 0.058407247 1.431290150 0.995351255 0.024160316 -0.093231738 20.272647858
-0.094829448 0.051742516 -0.994147897 -44.362991333 -0.023444122 0.998255253 0.054192569 1.476657391 0.995217502 0.028445974 -0.093450919 20.161661148
-0.093961738 0.050948728 -0.994271219 -45.478656769 -0.025367169 0.998242915 0.053549517 1.521093011 0.995252609 0.030253453 -0.092504211 20.046199799
-0.092434555 0.055091836 -0.994193494 -46.589435577 -0.026269339 0.997985721 0.057744350 1.567529202 0.995372176 0.031454377 -0.090801142 19.940034866
-0.090573445 0.058473058 -0.994171619 -47.690891266 -0.026248770 0.997787833 0.061077118 1.612262964 0.995543778 0.031627744 -0.088838235 19.837928772
-0.089046210 0.058130350 -0.994329691 -48.814804077 -0.024327781 0.997870743 0.060516007 1.665134430 0.995730340 0.029578557 -0.087442420 19.733196259
-0.086580314 0.057177614 -0.994602680 -49.922084808 -0.024268745 0.997934401 0.059481736 1.718320370 0.995949328 0.029287703 -0.085013837 19.633621216
-0.082502522 0.057391796 -0.994936943 -51.058444977 -0.028597863 0.997792959 0.059927944 1.776675940 0.996180415 0.033397272 -0.080679148 19.529380798
-0.076620534 0.058380760 -0.995349705 -52.181835175 -0.033503320 0.997569799 0.061090019 1.829248428 0.996497273 0.038028270 -0.074478380 19.426525116
-0.070711419 0.057783864 -0.995821714 -53.308773041 -0.037628889 0.997455657 0.060550626 1.885578871 0.996786773 0.041753285 -0.068357162 19.332748413
-0.065042078 0.057115078 -0.996246636 -54.458454132 -0.038898028 0.997456789 0.059723999 1.938574791 0.997124195 0.042636599 -0.062654987 19.252721786
-0.059517138 0.056050092 -0.996652424 -55.593208313 -0.038776580 0.997538984 0.058415573 1.995760918 0.997473836 0.042123504 -0.057197236 19.185363770
-0.054024890 0.055732287 -0.996983051 -56.743663788 -0.037177183 0.997636616 0.057783399 2.049457550 0.997847259 0.040186763 -0.051825244 19.114805222
-0.048441850 0.056479216 -0.997227907 -57.881969452 -0.035859101 0.997658074 0.058245491 2.098996878 0.998182118 0.038581219 -0.046303112 19.056056976
-0.042806979 0.058159757 -0.997389078 -59.045097351 -0.035110939 0.997599959 0.059678983 2.148955822 0.998466194 0.037573937 -0.040662199 19.004920959
-0.037373733 0.059336361 -0.997538149 -60.199348450 -0.035626136 0.997521996 0.060670156 2.203515768 0.998666048 0.037805893 -0.035167202 18.961198807
-0.032149680 0.058368910 -0.997777164 -61.358676910 -0.035355732 0.997602165 0.059497874 2.256680965 0.998857379 0.037189983 -0.030008916 18.922389984
-0.027761005 0.054185048 -0.998144925 -62.518661499 -0.035146583 0.997859418 0.055147074 2.300457954 0.998996615 0.036612324 -0.025797158 18.889720917
-0.023597457 0.048802085 -0.998529792 -63.671298981 -0.035049122 0.998153448 0.049611993 2.346727848 0.999107003 0.036168311 -0.021843413 18.864158630
-0.019405935 0.048639432 -0.998627901 -64.859977722 -0.034551632 0.998186827 0.049289368 2.386983633 0.999214530 0.035460733 -0.017690178 18.823026657
-0.016643843 0.051395174 -0.998539686 -66.023063660 -0.033913776 0.998074293 0.051936511 2.417876959 0.999286175 0.034728665 -0.014868788 18.813245773
-0.014236464 0.051001389 -0.998597085 -67.190216064 -0.034398999 0.998082101 0.051465500 2.464004278 0.999306738 0.035083428 -0.012454765 18.786872864
-0.013610373 0.050987128 -0.998606622 -68.355598450 -0.036383584 0.998012424 0.051452681 2.508879662 0.999245226 0.037033167 -0.011728227 18.768495560
-0.012879838 0.052092683 -0.998559177 -69.541793823 -0.036863241 0.997938395 0.052535769 2.546043873 0.999237299 0.037486780 -0.010932982 18.747680664
-0.011484522 0.051634956 -0.998599946 -70.719909668 -0.037413191 0.997944415 0.052031334 2.589552402 0.999233902 0.037958365 -0.009529087 18.724710464
-0.010222666 0.049671073 -0.998713315 -71.888778687 -0.037819237 0.998031616 0.050024282 2.629528046 0.999232292 0.038281951 -0.008324021 18.702901840
-0.009969413 0.048832461 -0.998757243 -73.079216003 -0.035936676 0.998144150 0.049161207 2.668108463 0.999304295 0.036382128 -0.008196035 18.692340851
-0.009222265 0.048088912 -0.998800516 -74.265602112 -0.032909714 0.998287320 0.048368074 2.716192722 0.999415815 0.033316299 -0.007623877 18.676538467
-0.009447427 0.049609084 -0.998723984 -75.451034546 -0.030422162 0.998292029 0.049875401 2.747633457 0.999492586 0.030854536 -0.007922074 18.669452667
-0.009460132 0.052540414 -0.998573959 -76.637504578 -0.029980948 0.998154879 0.052802395 2.788367748 0.999505639 0.030437712 -0.007867463 18.655223846
-0.009307998 0.055927482 -0.998391449 -77.819717407 -0.032012418 0.997906268 0.056198753 2.833360672 0.999444067 0.032484021 -0.007498134 18.641233444
-0.008533209 0.056039881 -0.998392045 -79.001426697 -0.034295302 0.997824609 0.056301154 2.879962921 0.999375284 0.034720585 -0.006592739 18.620510101
-0.008598818 0.053782832 -0.998515725 -80.186317444 -0.035470225 0.997907758 0.054055542 2.925042629 0.999333739 0.035882380 -0.006673140 18.609899521
-0.008051734 0.051078569 -0.998662174 -81.366836548 -0.035268411 0.998058736 0.051332045 2.974150658 0.999345422 0.035634544 -0.006234645 18.591459274
-0.008219120 0.050802849 -0.998674870 -82.552062988 -0.032831959 0.998156428 0.051046677 3.012749434 0.999427080 0.033208013 -0.006536011 18.577383041
-0.008319861 0.052139040 -0.998605192 -83.726661682 -0.031496003 0.998130500 0.052376669 3.055742502 0.999469280 0.031887833 -0.006662136 18.570964813
-0.007862153 0.055193186 -0.998444736 -84.906410217 -0.030622734 0.997994006 0.055409398 3.095342398 0.999500036 0.031010743 -0.006156216 18.555294037
-0.007214682 0.057419654 -0.998324037 -86.082565308 -0.031115307 0.997853696 0.057617467 3.142796516 0.999489784 0.031478856 -0.005412566 18.543020248
-0.007234613 0.057555761 -0.998316050 -87.252441406 -0.032336362 0.997806609 0.057760734 3.185981035 0.999450862 0.032699786 -0.005357602 18.526527405
-0.006798070 0.055445593 -0.998438537 -88.420974731 -0.032079279 0.997935653 0.055636078 3.232814074 0.999462187 0.032407399 -0.005005382 18.513034821
-0.006721574 0.053867448 -0.998525441 -89.590721130 -0.030560866 0.998070478 0.054048624 3.280689478 0.999510229 0.030879090 -0.005062368 18.505681992
-0.006803411 0.054979838 -0.998464346 -90.758483887 -0.028457867 0.998072326 0.055152163 3.322930813 0.999571860 0.028789381 -0.005225688 18.499034882
-0.006005349 0.057974000 -0.998299956 -91.935447693 -0.026648074 0.997954190 0.058114223 3.372703552 0.999626815 0.026951766 -0.004448168 18.480485916
-0.006394048 0.060143452 -0.998169243 -93.106758118 -0.025216704 0.997862458 0.060286507 3.422368765 0.999661565 0.025556015 -0.004863762 18.475080490
-0.005873326 0.061745062 -0.998074651 -94.276542664 -0.026390821 0.997734547 0.061879333 3.481586456 0.999634445 0.026703447 -0.004230518 18.460750580
-0.005088781 0.064159296 -0.997926831 -95.427032471 -0.028713811 0.997518718 0.064279512 3.522875309 0.999574721 0.028981386 -0.003233895 18.446979523
-0.004987076 0.063380837 -0.997976959 -96.588783264 -0.030569715 0.997513175 0.063504159 3.575786829 0.999520183 0.030824576 -0.003037141 18.434020996
-0.005150323 0.059237111 -0.998230636 -97.740943909 -0.032895528 0.997693658 0.059374977 3.626135349 0.999445438 0.033143129 -0.003189808 18.417259216
-0.004214019 0.057689264 -0.998325706 -98.914054871 -0.034347493 0.997737110 0.057800230 3.677367687 0.999401093 0.034533557 -0.002223001 18.403308868
-0.004176617 0.056024499 -0.998420656 -100.078521729 -0.034110498 0.997840345 0.056134626 3.727374792 0.999409378 0.034291077 -0.002256572 18.395313263
-0.003723137 0.056739409 -0.998382092 -101.244781494 -0.033064909 0.997836053 0.056831684 3.772226095 0.999446332 0.033223011 -0.001838997 18.386707306
-0.004014191 0.058545895 -0.998276651 -102.410026550 -0.033383228 0.997720420 0.058647513 3.821986914 0.999434590 0.033561122 -0.002050589 18.381620407
-0.004316076 0.060594890 -0.998153150 -103.581863403 -0.031788688 0.997649610 0.060701780 3.872920513 0.999485254 0.031991966 -0.002379700 18.380048752
-0.004639564 0.059425682 -0.998221934 -104.743621826 -0.035635788 0.997588813 0.059553619 3.927720070 0.999354064 0.035848729 -0.002510697 18.362508774
-0.004809620 0.060685318 -0.998145342 -105.912757874 -0.039181016 0.997379005 0.060827509 3.982447863 0.999220550 0.039400909 -0.002419303 18.348260880
-0.004777452 0.059894003 -0.998193324 -107.086585999 -0.042700771 0.997281969 0.060043693 4.036107063 0.999076486 0.042910479 -0.002206947 18.320629120
-0.005539764 0.056040060 -0.998413146 -108.266525269 -0.044285234 0.997435153 0.056230884 4.087894440 0.999003589 0.044526458 -0.003043807 18.319519043
-0.006072501 0.052117210 -0.998622477 -109.436668396 -0.044070750 0.997656643 0.052334789 4.137012482 0.999009967 0.044327840 -0.003761427 18.303478241
-0.006982184 0.051268648 -0.998660445 -110.640930176 -0.040349174 0.997857034 0.051509511 4.184082031 0.999161243 0.040654775 -0.004898575 18.293159485
-0.007211699 0.050642040 -0.998690784 -111.848350525 -0.036411770 0.998041213 0.050872032 4.231547356 0.999310851 0.036730979 -0.005353607 18.285223007
-0.007553909 0.052414689 -0.998596847 -113.073852539 -0.035105493 0.997995853 0.052648701 4.283424854 0.999355018 0.035453942 -0.005698725 18.268903732
-0.008772711 0.056091171 -0.998387098 -114.281440735 -0.034093134 0.997828245 0.056359351 4.333693504 0.999380171 0.034532569 -0.006841335 18.257055283
-0.009090965 0.056846730 -0.998341560 -115.525276184 -0.032540686 0.997837186 0.057114333 4.379736900 0.999429047 0.033005942 -0.007221473 18.239641190
-0.009237158 0.052353919 -0.998585880 -116.748596191 -0.032374460 0.998089314 0.052627355 4.423624039 0.999433100 0.032814801 -0.007524577 18.224998474
-0.010938404 0.048871174 -0.998745203 -117.984191895 -0.032649718 0.998254955 0.049204763 4.469404221 0.999406934 0.033146977 -0.009323685 18.214654922
-0.010871658 0.047270156 -0.998822987 -119.234718323 -0.031915396 0.998356760 0.047595467 4.517168999 0.999431431 0.032395273 -0.009345146 18.183168411
-0.011417686 0.048344456 -0.998765469 -120.464172363 -0.033751469 0.998242795 0.048704997 4.566684246 0.999365032 0.034265902 -0.009765930 18.165855408
-0.011688663 0.053055465 -0.998523176 -121.735900879 -0.038296387 0.997834980 0.053467199 4.616368771 0.999198139 0.038864788 -0.009631522 18.136455536
-0.011445528 0.056620948 -0.998330235 -123.005340576 -0.044009812 0.997399509 0.057072733 4.661493778 0.998965561 0.044589546 -0.008923886 18.095266342
-0.012046677 0.056067459 -0.998354256 -124.256996155 -0.051342599 0.997075081 0.056615140 4.720791817 0.998608410 0.051940124 -0.009132791 18.072708130
-0.012010136 0.053882722 -0.998475015 -125.526565552 -0.054158617 0.997046292 0.054457061 4.774024010 0.998460054 0.054730065 -0.009056446 18.042770386
-0.012222629 0.052645594 -0.998538435 -126.793846130 -0.057197206 0.996941209 0.053261496 4.828757763 0.998288035 0.057764612 -0.009174059 18.021381378
-0.012689093 0.052396771 -0.998545706 -128.060638428 -0.056831207 0.996974111 0.053036489 4.862894535 0.998303294 0.057421535 -0.009672924 17.994815826
-0.013594728 0.051481005 -0.998581409 -129.319686890 -0.054552559 0.997148156 0.052149791 4.909228802 0.998418450 0.055184137 -0.010747537 17.980466843
-0.013681159 0.051952943 -0.998555839 -130.591873169 -0.054621626 0.997119248 0.052626576 4.959779263 0.998413324 0.055262733 -0.010803993 17.955711365
-0.014175125 0.057040252 -0.998271227 -131.873977661 -0.054620311 0.996836662 0.057733875 5.011660576 0.998406529 0.055344265 -0.011014730 17.925125122
-0.014976423 0.061181147 -0.998014331 -133.136901855 -0.053215716 0.996662855 0.061896864 5.061502457 0.998470843 0.054037035 -0.011670649 17.909965515
-0.014993679 0.060032777 -0.998083830 -134.391433716 -0.053727742 0.996705532 0.060757000 5.116601944 0.998443127 0.054535761 -0.011718858 17.884586334
-0.013986763 0.058454152 -0.998192132 -135.655303955 -0.053509731 0.996815503 0.059123330 5.172154903 0.998469293 0.054239940 -0.010814356 17.859764099
-0.012857091 0.057879616 -0.998240769 -136.904403687 -0.052695207 0.996896684 0.058480397 5.226933479 0.998527825 0.053354390 -0.009767213 17.836978912
-0.012051795 0.057311140 -0.998283744 -138.160964966 -0.052940425 0.996919334 0.057871953 5.273193359 0.998524964 0.053547021 -0.008980592 17.820505142
-0.011223080 0.059697401 -0.998153448 -139.407211304 -0.053214762 0.996766090 0.060212754 5.324434757 0.998520076 0.053792268 -0.008010003 17.802820206
-0.010344803 0.063045584 -0.997957170 -140.683181763 -0.053662077 0.996537328 0.063512154 5.383328438 0.998505592 0.054209467 -0.006925827 17.784709930
-0.008886275 0.064083047 -0.997905016 -141.938980103 -0.055234570 0.996389389 0.064477570 5.443129063 0.998433888 0.055691812 -0.005314592 17.762165070
-0.007822125 0.061527062 -0.998074770 -143.194686890 -0.057371892 0.996433616 0.061875522 5.496158123 0.998322248 0.057745434 -0.004264305 17.746913910
-0.007912879 0.058450002 -0.998259068 -144.448806763 -0.056398056 0.996675134 0.058804322 5.552853107 0.998377025 0.056765176 -0.004590103 17.726047516
-0.007460432 0.056813288 -0.998356879 -145.702896118 -0.053655863 0.996923745 0.057132680 5.605817318 0.998531580 0.053993937 -0.004389116 17.712491989
-0.008007563 0.056416124 -0.998375177 -146.965805054 -0.051622443 0.997052610 0.056755427 5.646414757 0.998634577 0.051993042 -0.005071623 17.704641342
-0.008336321 0.056682609 -0.998357475 -148.201965332 -0.049558017 0.997141838 0.057027407 5.700333595 0.998736441 0.049952023 -0.005503417 17.694826126
-0.008407834 0.055319197 -0.998433292 -149.446868896 -0.047081154 0.997339487 0.055655055 5.747177124 0.998855650 0.047475338 -0.005780973 17.694393158
-0.008408324 0.055254068 -0.998436928 -150.680068970 -0.047141578 0.997340143 0.055590373 5.798392296 0.998852849 0.047535315 -0.005781196 17.674026489
-0.008939194 0.057873290 -0.998283923 -151.922576904 -0.044815980 0.997297466 0.058217410 5.852523804 0.998955250 0.045259487 -0.006321388 17.666046143
-0.008805131 0.059204046 -0.998207092 -153.157485962 -0.042262886 0.997331679 0.059524942 5.900516510 0.999067724 0.042711232 -0.006279503 17.652399063
-0.008663155 0.057770211 -0.998292327 -154.383926392 -0.040264443 0.997500002 0.058073774 5.952695847 0.999151468 0.040698789 -0.006315412 17.636695862
-0.009672285 0.058290232 -0.998252809 -155.628662109 -0.041002285 0.997436821 0.058639869 6.000679970 0.999112248 0.041497827 -0.007257460 17.621786118
-0.009361468 0.062822744 -0.997980773 -156.858978271 -0.041676633 0.997132778 0.063160308 6.058983803 0.999087334 0.042183742 -0.006716387 17.603773117
-0.009090191 0.069662891 -0.997529209 -158.089126587 -0.046825830 0.996446371 0.070013985 6.112000942 0.998861670 0.047346562 -0.005795863 17.587898254
-0.008029787 0.069708996 -0.997534990 -159.353210449 -0.051119249 0.996234238 0.070029579 6.175898552 0.998660266 0.051555570 -0.004436076 17.565856934
-0.006593522 0.065521188 -0.997829318 -160.580871582 -0.055161472 0.996307850 0.065785773 6.243261337 0.998455644 0.055475499 -0.002954933 17.539913177
-0.004829912 0.060594238 -0.998150766 -161.809051514 -0.056905545 0.996528208 0.060771104 6.293120384 0.998367906 0.057093833 -0.001364995 17.523330688
-0.004258965 0.059075490 -0.998244345 -163.030258179 -0.059369039 0.996477664 0.059224237 6.347976208 0.998226941 0.059517056 -0.000736708 17.510696411
-0.002904646 0.055910882 -0.998431563 -164.234573364 -0.054596331 0.996937633 0.055986065 6.392632484 0.998504281 0.054673314 0.000156779 17.515909195
-0.002619592 0.051142782 -0.998687923 -165.445922852 -0.051446319 0.997361839 0.051209822 6.446146488 0.998672426 0.051512964 0.000018426 17.508306503
-0.002807452 0.047715403 -0.998857021 -166.681610107 -0.045198668 0.997834086 0.047793575 6.490560532 0.998974085 0.045281187 -0.000644699 17.505313873
-0.003929979 0.050599679 -0.998711288 -167.913146973 -0.043090250 0.997782826 0.050722186 6.538312912 0.999063492 0.043234065 -0.001740912 17.499753952
-0.003306934 0.057105605 -0.998362601 -169.151565552 -0.043910205 0.997396886 0.057195805 6.584612370 0.999030054 0.044027459 -0.000790807 17.489805222
-0.001901651 0.060461864 -0.998168707 -170.380844116 -0.044955395 0.997156203 0.060486179 6.632039547 0.998987198 0.044988099 0.000821844 17.491365433
-0.000212479 0.057146311 -0.998365819 -171.592987061 -0.045959961 0.997310281 0.057095673 6.684875965 0.998943329 0.045896992 0.002414535 17.483268738
0.000563527 0.057339579 -0.998354554 -172.818756104 -0.048192631 0.997196198 0.057245851 6.738089561 0.998837888 0.048081070 0.003325292 17.476371765
0.001550861 0.058416504 -0.998291075 -174.022827148 -0.046676025 0.997208476 0.058280639 6.784309387 0.998908877 0.046505876 0.004273182 17.474391937
0.002001564 0.056105282 -0.998422861 -175.227050781 -0.046299532 0.997359335 0.055952702 6.837251663 0.998925567 0.046114523 0.004593926 17.477067947
0.004211812 0.054611433 -0.998498797 -176.429122925 -0.047117259 0.997409523 0.054353103 6.884068966 0.998880506 0.046817608 0.006774043 17.467227936
0.005290908 0.056586009 -0.998383641 -177.595474243 -0.048056003 0.997258484 0.056267571 6.925700188 0.998830736 0.047680620 0.007995700 17.478258133
0.007095077 0.058543213 -0.998259604 -178.712539673 -0.048393209 0.997135162 0.058133312 6.960729599 0.998803258 0.047896516 0.009907844 17.468151093
0.007553266 0.059928004 -0.998174131 -179.801620483 -0.049320865 0.997009933 0.059484895 6.997746468 0.998754442 0.048781499 0.010486383 17.472196579
0.007933820 0.061426155 -0.998080015 -180.893402100 -0.049697742 0.996902287 0.060958628 7.030886650 0.998732805 0.049118694 0.010961984 17.468259811
0.007625077 0.062255837 -0.998031080 -181.944412231 -0.049128111 0.996878147 0.061808582 7.072897911 0.998763442 0.048560079 0.010659784 17.475776672
0.008389827 0.061432999 -0.998075962 -182.971298218 -0.049452852 0.996915221 0.060945857 7.111196041 0.998741329 0.048846368 0.011401982 17.475006104
0.009815660 0.061586238 -0.998053551 -183.945678711 -0.050289650 0.996868908 0.061018553 7.144777775 0.998686433 0.049592819 0.012882078 17.481124878
0.011001914 0.062329128 -0.997995019 -184.916168213 -0.050903410 0.996796191 0.061693106 7.179262161 0.998642981 0.050122604 0.014139433 17.492725372
0.010736760 0.060710736 -0.998097718 -185.852600098 -0.049503036 0.996963561 0.060109239 7.212755203 0.998716354 0.048763484 0.013709525 17.495252609
0.007138054 0.057601798 -0.998314261 -186.787841797 -0.047009796 0.997255027 0.057204574 7.245149136 0.998868942 0.046522211 0.009826312 17.506080627
0.002159741 0.053980973 -0.998539686 -187.711730957 -0.046853241 0.997450769 0.053820770 7.278972626 0.998899460 0.046668578 0.004683419 17.504402161
-0.002636070 0.050976023 -0.998696446 -188.639617920 -0.048458461 0.997520149 0.051043887 7.312694550 0.998821795 0.048529848 -0.000159316 17.490205765
-0.006382720 0.050220132 -0.998717725 -189.570892334 -0.050686538 0.997438073 0.050479718 7.345803261 0.998694181 0.050943740 -0.003820883 17.477579117
-0.008909287 0.051105637 -0.998653531 -190.486221313 -0.052509997 0.997291327 0.051504388 7.373307228 0.998580635 0.052898157 -0.006201598 17.452812195
-0.010863420 0.052567922 -0.998558283 -191.418685913 -0.051330376 0.997271299 0.053058602 7.410413742 0.998622715 0.051832765 -0.008135444 17.437957764
-0.013009024 0.054161705 -0.998447418 -192.338012695 -0.048074856 0.997343242 0.054728188 7.440707207 0.998758972 0.048712179 -0.010370645 17.439788818
-0.014427822 0.054332934 -0.998418629 -193.251647949 -0.046450723 0.997408152 0.054949190 7.477051735 0.998816371 0.047170065 -0.011866622 17.424077988
-0.014964279 0.053156998 -0.998474121 -194.155792236 -0.047170151 0.997436523 0.053808715 7.512215614 0.998774767 0.047903378 -0.012418493 17.399141312
-0.015772637 0.052093357 -0.998517632 -195.072052002 -0.048877094 0.997407913 0.052807525 7.542623520 0.998680294 0.049637556 -0.013185579 17.376232147
-0.015930196 0.051880009 -0.998526275 -195.974456787 -0.052380059 0.997238398 0.052648753 7.568767071 0.998500109 0.053141575 -0.013168728 17.361417770
-0.015660359 0.049846612 -0.998634100 -196.891021729 -0.055058185 0.997198284 0.050638348 7.604456425 0.998360276 0.055776000 -0.012872021 17.345987320
-0.014607271 0.047576603 -0.998760760 -197.799926758 -0.054906469 0.997322023 0.048311096 7.629544735 0.998384655 0.055544116 -0.011955889 17.328722000
-0.013776014 0.044976346 -0.998893082 -198.725265503 -0.054961249 0.997443497 0.045669068 7.660007000 0.998393476 0.055529561 -0.011268837 17.302644730
-0.012617240 0.044762030 -0.998918116 -199.640579224 -0.054660797 0.997472882 0.045387685 7.685596466 0.998425186 0.055174325 -0.010138627 17.285758972
-0.012858573 0.047399838 -0.998793304 -200.572158813 -0.052225038 0.997480571 0.048009895 7.715923786 0.998552561 0.052779354 -0.010350720 17.283103943
-0.012316689 0.048699718 -0.998737514 -201.513305664 -0.051663183 0.997448325 0.049273968 7.744722843 0.998588562 0.052204851 -0.009769277 17.261640549
-0.011582037 0.045095336 -0.998915493 -202.439132690 -0.046739623 0.997866094 0.045589883 7.775172710 0.998839915 0.047216959 -0.009449585 17.254844666
-0.011123277 0.041969750 -0.999056935 -203.375000000 -0.045173358 0.998077631 0.042431559 7.805265903 0.998917222 0.045602743 -0.009205979 17.239814758
-0.010939288 0.042570826 -0.999033451 -204.317138672 -0.049802698 0.997830212 0.043064885 7.837300777 0.998699129 0.050225664 -0.008795407 17.221317291
-0.009369427 0.046213973 -0.998887599 -205.261718750 -0.050624132 0.997628570 0.046630573 7.869442463 0.998673856 0.051004712 -0.007007666 17.206617355
-0.007451574 0.045633633 -0.998930395 -206.235687256 -0.048258323 0.997777939 0.045940947 7.905229568 0.998807013 0.048549049 -0.005232813 17.197771072
-0.005193220 0.046695132 -0.998895705 -207.197662354 -0.047110122 0.997788668 0.046888299 7.946021080 0.998876154 0.047301598 -0.002981923 17.189893723
-0.003808277 0.051121868 -0.998685062 -208.167114258 -0.048132595 0.997525573 0.051246054 7.984301567 0.998833656 0.048264463 -0.001338225 17.183820724
-0.001940509 0.055393498 -0.998462737 -209.181732178 -0.045040287 0.997446477 0.055424646 8.018239975 0.998983204 0.045078594 0.000559385 17.184291840
-0.000696503 0.055693399 -0.998447716 -210.172698975 -0.044657946 0.997450113 0.055668902 8.062606812 0.999002099 0.044627391 0.001792426 17.180002213
0.000804035 0.056820437 -0.998384058 -211.180969238 -0.047867648 0.997242153 0.056716893 8.102467537 0.998853445 0.047744688 0.003521678 17.180320740
0.004301303 0.058555044 -0.998274922 -212.221176147 -0.050107770 0.997042716 0.058266867 8.150357246 0.998734534 0.049770698 0.007222645 17.171581268
0.007544400 0.058670975 -0.998248816 -213.248260498 -0.051156141 0.996992707 0.058210537 8.198745728 0.998662174 0.050627392 0.010523093 17.181386948
0.010512918 0.056148518 -0.998367131 -214.273178101 -0.053970076 0.996998847 0.055503249 8.241046906 0.998487234 0.053298455 0.013511704 17.179700851
